
Round: 0
00000000
00000000
00000000
00000000
00000000
00000000
00000000
00000000

Valid moves for 1:
3, 3
3, 4
4, 3
4, 4

Player 1: 3, 4

After move by Player 1
00000000
00000000
00000000
00000000
00001000
00000000
00000000
00000000


Round: 1
00000000
00000000
00000000
00000000
00001000
00000000
00000000
00000000

Valid moves for 2:
3, 3
4, 3
4, 4

Player 2: 3, 3

After move by Player 2
00000000
00000000
00000000
00000000
00021000
00000000
00000000
00000000


Round: 2
00000000
00000000
00000000
00000000
00021000
00000000
00000000
00000000

Valid moves for 1:
4, 3
4, 4

Player 1: 4, 3

After move by Player 1
00000000
00000000
00000000
00010000
00021000
00000000
00000000
00000000


Round: 3
00000000
00000000
00000000
00010000
00021000
00000000
00000000
00000000

Valid moves for 2:
4, 4

Player 2: 4, 4

After move by Player 2
00000000
00000000
00000000
00012000
00021000
00000000
00000000
00000000


Round: 4
00000000
00000000
00000000
00012000
00021000
00000000
00000000
00000000

Valid moves for 1:
2, 3
3, 2
4, 5
5, 4

Player 1: 3, 2

After move by Player 1
00000000
00000000
00000000
00012000
00111000
00000000
00000000
00000000


Round: 5
00000000
00000000
00000000
00012000
00111000
00000000
00000000
00000000

Valid moves for 2:
2, 2
2, 4
4, 2

Player 2: 4, 2

After move by Player 2
00000000
00000000
00000000
00222000
00111000
00000000
00000000
00000000


Round: 6
00000000
00000000
00000000
00222000
00111000
00000000
00000000
00000000

Valid moves for 1:
5, 1
5, 2
5, 3
5, 4
5, 5

Player 1: 5, 1

After move by Player 1
00000000
00000000
01000000
00122000
00111000
00000000
00000000
00000000


Round: 7
00000000
00000000
01000000
00122000
00111000
00000000
00000000
00000000

Valid moves for 2:
2, 1
2, 2
2, 3
2, 4
2, 5
4, 1

Player 2: 2, 3

After move by Player 2
00000000
00000000
01000000
00122000
00121000
00020000
00000000
00000000


Round: 8
00000000
00000000
01000000
00122000
00121000
00020000
00000000
00000000

Valid moves for 1:
1, 2
1, 4
2, 4
4, 5
5, 2
5, 4

Player 1: 2, 4

After move by Player 1
00000000
00000000
01000000
00122000
00111000
00021000
00000000
00000000


Round: 9
00000000
00000000
01000000
00122000
00111000
00021000
00000000
00000000

Valid moves for 2:
1, 4
2, 1
2, 2
2, 5
4, 1
4, 5

Player 2: 1, 4

After move by Player 2
00000000
00000000
01000000
00122000
00112000
00022000
00002000
00000000


Round: 10
00000000
00000000
01000000
00122000
00112000
00022000
00002000
00000000

Valid moves for 1:
0, 5
1, 3
1, 5
3, 5
4, 5
5, 3
5, 4
5, 5

Player 1: 3, 5

After move by Player 1
00000000
00000000
01000000
00122000
00111100
00022000
00002000
00000000


Round: 11
00000000
00000000
01000000
00122000
00111100
00022000
00002000
00000000

Valid moves for 2:
2, 1
2, 2
2, 5
2, 6
4, 1
4, 5
4, 6
6, 0

Player 2: 4, 5

After move by Player 2
00000000
00000000
01000000
00122200
00112100
00022000
00002000
00000000


Round: 12
00000000
00000000
01000000
00122200
00112100
00022000
00002000
00000000

Valid moves for 1:
0, 5
1, 3
1, 5
4, 6
5, 3
5, 4
5, 5

Player 1: 5, 5

After move by Player 1
00000000
00000000
01000100
00121100
00112100
00022000
00002000
00000000


Round: 13
00000000
00000000
01000100
00121100
00112100
00022000
00002000
00000000

Valid moves for 2:
2, 1
3, 1
3, 6
4, 1
4, 6
5, 4
5, 6
6, 0

Player 2: 5, 4

After move by Player 2
00000000
00000000
01002100
00122100
00112100
00022000
00002000
00000000


Round: 14
00000000
00000000
01002100
00122100
00112100
00022000
00002000
00000000

Valid moves for 1:
0, 5
1, 2
1, 3
1, 5
5, 3
6, 3
6, 5

Player 1: 1, 3

After move by Player 1
00000000
00000000
01002100
00122100
00112100
00011000
00012000
00000000


Round: 15
00000000
00000000
01002100
00122100
00112100
00011000
00012000
00000000

Valid moves for 2:
0, 3
1, 2
2, 1
2, 2
2, 6
3, 1
3, 6
4, 1
4, 6
5, 6
6, 6

Player 2: 4, 1

After move by Player 2
00000000
00000000
01002100
02222100
00212100
00021000
00012000
00000000


Round: 16
00000000
00000000
01002100
02222100
00212100
00021000
00012000
00000000

Valid moves for 1:
0, 4
1, 2
1, 5
2, 2
3, 1
4, 0
5, 3
6, 3
6, 4

Player 1: 2, 2

After move by Player 1
00000000
00000000
01002100
02222100
00212100
00111000
00012000
00000000


Round: 17
00000000
00000000
01002100
02222100
00212100
00111000
00012000
00000000

Valid moves for 2:
0, 3
1, 1
1, 2
1, 5
2, 6
3, 6
4, 6
5, 6
6, 0
6, 1
6, 6

Player 2: 6, 1

After move by Player 2
00000000
02000000
02002100
02222100
00212100
00111000
00012000
00000000


Round: 18
00000000
02000000
02002100
02222100
00212100
00111000
00012000
00000000

Valid moves for 1:
0, 4
0, 5
1, 5
3, 1
4, 0
5, 0
5, 2
5, 3
6, 0
6, 3
6, 4

Player 1: 5, 3

After move by Player 1
00000000
02000000
02011100
02211100
00212100
00111000
00012000
00000000


Round: 19
00000000
02000000
02011100
02211100
00212100
00111000
00012000
00000000

Valid moves for 2:
1, 2
1, 5
3, 6
4, 6
5, 2
5, 6
6, 4
6, 5

Player 2: 5, 2

After move by Player 2
00000000
02000000
02211100
02221100
00212100
00111000
00012000
00000000


Round: 20
00000000
02000000
02211100
02221100
00212100
00111000
00012000
00000000

Valid moves for 1:
0, 4
0, 5
1, 5
2, 1
3, 1
4, 0
5, 0
6, 0
6, 2

Player 1: 4, 0

After move by Player 1
00000000
02000000
02211100
11111100
00212100
00111000
00012000
00000000


Round: 21
00000000
02000000
02211100
11111100
00212100
00111000
00012000
00000000

Valid moves for 2:
1, 2
1, 5
3, 0
3, 1
3, 6
5, 0
5, 6
6, 4
6, 5

Player 2: 3, 1

After move by Player 2
00000000
02000000
02211100
12111100
02212100
00111000
00012000
00000000


Round: 22
00000000
02000000
02211100
12111100
02212100
00111000
00012000
00000000

Valid moves for 1:
0, 4
0, 5
1, 5
2, 0
2, 1
2, 5
3, 0
5, 0
6, 0
6, 2
7, 0

Player 1: 5, 0

After move by Player 1
00000000
02000000
11111100
11111100
02112100
00111000
00012000
00000000


Round: 23
00000000
02000000
11111100
11111100
02112100
00111000
00012000
00000000

Valid moves for 2:
0, 4
1, 2
3, 6
5, 6
6, 4

Player 2: 3, 6

After move by Player 2
00000000
02000000
11111100
11111100
02112220
00111000
00012000
00000000


Round: 24
00000000
02000000
11111100
11111100
02112220
00111000
00012000
00000000

Valid moves for 1:
0, 4
0, 5
1, 5
2, 0
2, 1
2, 5
2, 6
2, 7
3, 0
3, 7
4, 6
7, 0
7, 1
7, 2

Player 1: 3, 7

After move by Player 1
00000000
02000000
11111100
11111100
02111111
00111000
00012000
00000000


Round: 25
00000000
02000000
11111100
11111100
02111111
00111000
00012000
00000000

Valid moves for 2:
0, 4
1, 2
2, 5
6, 4

Player 2: 2, 5

After move by Player 2
00000000
02000000
11211100
11121100
02112111
00111200
00012000
00000000


Round: 26
00000000
02000000
11211100
11121100
02112111
00111200
00012000
00000000

Valid moves for 1:
0, 3
0, 4
0, 5
1, 5
2, 0
2, 1
2, 6
3, 0
6, 2
6, 3
7, 1
7, 2

Player 1: 2, 1

After move by Player 1
00000000
02000000
11211100
11121100
01112111
01111200
00012000
00000000


Round: 27
00000000
02000000
11211100
11121100
01112111
01111200
00012000
00000000

Valid moves for 2:
0, 3
1, 0
1, 1
1, 2
2, 0
3, 0
4, 6
4, 7
5, 6
6, 3
6, 4
6, 5

Player 2: 2, 0

After move by Player 2
00000000
02000000
11211100
11121100
01112111
22222200
00012000
00000000


Round: 28
00000000
02000000
11211100
11121100
01112111
22222200
00012000
00000000

Valid moves for 1:
0, 3
0, 4
0, 5
1, 0
1, 1
1, 2
1, 5
6, 2
6, 3
7, 1
7, 2

Player 1: 7, 2

After move by Player 1
00100000
01000000
11211100
11121100
01112111
22222200
00012000
00000000


Round: 29
00100000
01000000
11211100
11121100
01112111
22222200
00012000
00000000

Valid moves for 2:
0, 2
0, 3
0, 4
1, 2
3, 0
4, 6
4, 7
5, 6
6, 0
6, 3
6, 4
6, 5
6, 6
7, 0
7, 1

Player 2: 7, 0

After move by Player 2
20100000
02000000
11211100
11121100
01112111
22222200
00012000
00000000


Round: 30
20100000
02000000
11211100
11121100
01112111
22222200
00012000
00000000

Valid moves for 1:
0, 3
0, 4
0, 5
1, 0
1, 1
1, 2
1, 5
6, 2
6, 3
7, 1

Player 1: 6, 3

After move by Player 1
20100000
02010000
11111100
11121100
01112111
22222200
00012000
00000000


Round: 31
20100000
02010000
11111100
11121100
01112111
22222200
00012000
00000000

Valid moves for 2:
0, 2
0, 3
0, 4
1, 2
3, 0
4, 6
4, 7
5, 6
6, 0
6, 2
6, 4
6, 5
6, 6
7, 3

Player 2: 7, 3

After move by Player 2
20120000
02020000
11121100
11121100
01112111
22222200
00012000
00000000


Round: 32
20120000
02020000
11121100
11121100
01112111
22222200
00012000
00000000

Valid moves for 1:
0, 3
0, 4
0, 5
1, 0
1, 1
1, 2
1, 5
1, 6
6, 2
6, 4
7, 1
7, 4

Player 1: 1, 0

After move by Player 1
20120000
02020000
11121100
11121100
01112111
21222200
10012000
00000000


Round: 33
20120000
02020000
11121100
11121100
01112111
21222200
10012000
00000000

Valid moves for 2:
0, 0
0, 2
0, 3
0, 4
1, 1
1, 2
2, 6
2, 7
3, 0
4, 6
4, 7
5, 6
6, 0
6, 2
6, 4
6, 5
6, 6
7, 1

Player 2: 7, 1

After move by Player 2
22220000
02020000
11121100
11121100
01112111
21222200
10012000
00000000


Round: 34
22220000
02020000
11121100
11121100
01112111
21222200
10012000
00000000

Valid moves for 1:
0, 3
0, 4
0, 5
1, 1
1, 2
1, 5
1, 6
2, 6
3, 0
6, 2
6, 4
7, 4

Player 1: 6, 2

After move by Player 1
22220000
02120000
11111100
11121100
01112111
21222200
10012000
00000000


Round: 35
22220000
02120000
11111100
11121100
01112111
21222200
10012000
00000000

Valid moves for 2:
0, 0
0, 2
0, 3
0, 4
1, 1
1, 2
2, 6
2, 7
3, 0
4, 6
4, 7
5, 6
6, 0
6, 4
6, 5
6, 6

Player 2: 1, 1

After move by Player 2
22220000
02120000
12111100
12121100
02112111
22222200
12012000
00000000


Round: 36
22220000
02120000
12111100
12121100
02112111
22222200
12012000
00000000

Valid moves for 1:
0, 0
0, 3
0, 4
0, 5
1, 2
1, 5
1, 6
3, 0
6, 0
6, 4
7, 4

Player 1: 7, 4

After move by Player 1
22221000
02110000
12111100
12121100
02112111
22222200
12012000
00000000


Round: 37
22221000
02110000
12111100
12121100
02112111
22222200
12012000
00000000

Valid moves for 2:
0, 0
0, 2
0, 3
0, 4
1, 2
2, 6
2, 7
4, 6
4, 7
5, 6
6, 4
6, 5
6, 6
7, 5

Player 2: 6, 6

After move by Player 2
22221000
02110020
12111200
12122100
02122111
22222200
12012000
00000000


Round: 38
22221000
02110020
12111200
12122100
02122111
22222200
12012000
00000000

Valid moves for 1:
0, 3
0, 4
0, 5
1, 2
1, 5
1, 6
3, 0
5, 6
6, 0
6, 5

Player 1: 1, 5

After move by Player 1
22221000
02110020
12111200
12122100
02112111
22221100
12011100
00000000


Round: 39
22221000
02110020
12111200
12122100
02112111
22221100
12011100
00000000

Valid moves for 2:
0, 0
0, 3
0, 4
0, 5
0, 6
1, 6
2, 6
2, 7
4, 6
5, 6
6, 4
6, 5
7, 5

Player 2: 1, 6

After move by Player 2
22221000
02110020
12111200
12122100
02112111
22221200
12011120
00000000


Round: 40
22221000
02110020
12111200
12122100
02112111
22221200
12011120
00000000

Valid moves for 1:
0, 0
0, 7
1, 2
1, 7
2, 6
3, 0
5, 6
6, 0
6, 5
7, 7

Player 1: 7, 7

After move by Player 1
22221001
02110010
12111100
12121100
02112111
22221200
12011120
00000000


Round: 41
22221001
02110010
12111100
12121100
02112111
22221200
12011120
00000000

Valid moves for 2:
0, 0
0, 3
0, 4
0, 5
0, 6
1, 2
2, 6
2, 7
4, 6
4, 7
5, 6
6, 4
6, 5
7, 5

Player 2: 6, 4

After move by Player 2
22221001
02222010
12122100
12222100
02112111
22221200
12011120
00000000


Round: 42
22221001
02222010
12122100
12222100
02112111
22221200
12011120
00000000

Valid moves for 1:
0, 0
0, 7
1, 2
1, 7
2, 6
3, 0
6, 0
6, 5

Player 1: 0, 0

After move by Player 1
22221001
02222010
12122100
12222100
02112111
22121200
11011120
10000000


Round: 43
22221001
02222010
12122100
12222100
02112111
22121200
11011120
10000000

Valid moves for 2:
0, 1
0, 2
0, 3
0, 4
0, 5
0, 6
1, 2
2, 6
2, 7
4, 6
4, 7
5, 6
6, 5
7, 5

Player 2: 1, 2

After move by Player 2
22221001
02222010
12122100
12222100
02212111
22221200
11222220
10000000


Round: 44
22221001
02222010
12122100
12222100
02212111
22221200
11222220
10000000

Valid moves for 1:
0, 1
0, 2
0, 3
0, 4
0, 5
0, 6
0, 7
1, 7
2, 6
3, 0
6, 0
6, 5

Player 1: 3, 0

After move by Player 1
22221001
02222010
12122100
11222100
11112111
12221200
11222220
10000000


Round: 45
22221001
02222010
12122100
11222100
11112111
12221200
11222220
10000000

Valid moves for 2:
0, 1
2, 6
2, 7
4, 6
4, 7
5, 6
6, 5
7, 5

Player 2: 6, 5

After move by Player 2
22221001
02222210
12122200
11222200
11112211
12221200
11222220
10000000


Round: 46
22221001
02222210
12122200
11222200
11112211
12221200
11222220
10000000

Valid moves for 1:
0, 2
0, 3
0, 4
0, 5
0, 6
0, 7
1, 7
2, 6
4, 6
5, 6
6, 0
7, 5
7, 6

Player 1: 7, 5

After move by Player 1
22221101
02221210
12112200
11122200
11112211
12221200
11222220
10000000


Round: 47
22221101
02221210
12112200
11122200
11112211
12221200
11222220
10000000

Valid moves for 2:
0, 1
2, 7
4, 7
6, 7
7, 6

Player 2: 0, 1

After move by Player 2
22221101
02221210
12112200
11122200
11112211
12221200
12222220
12000000


Round: 48
22221101
02221210
12112200
11122200
11112211
12221200
12222220
12000000

Valid moves for 1:
0, 2
0, 3
0, 4
0, 5
0, 6
0, 7
1, 7
2, 6
4, 6
5, 6
6, 0
7, 6

Player 1: 0, 4

After move by Player 1
22221101
02221210
12112200
11122200
11112211
12121200
12211220
12001000


Round: 49
22221101
02221210
12112200
11122200
11112211
12121200
12211220
12001000

Valid moves for 2:
0, 2
0, 3
0, 5
2, 7
4, 7
6, 7
7, 6

Player 2: 0, 3

After move by Player 2
22221101
02221210
12112200
11122200
11112211
12121200
12222220
12021000


Round: 50
22221101
02221210
12112200
11122200
11112211
12121200
12222220
12021000

Valid moves for 1:
0, 2
0, 5
0, 6
0, 7
1, 7
2, 6
4, 6
5, 6
6, 0
7, 6

Player 1: 7, 6

After move by Player 1
22221111
02221110
12111200
11112200
11112211
12121200
12222220
12021000


Round: 51
22221111
02221110
12111200
11112200
11112211
12121200
12222220
12021000

Valid moves for 2:
0, 5
2, 7
4, 7
6, 7

Player 2: 0, 5

After move by Player 2
22221111
02221110
12111200
11112200
11112211
12121200
12222220
12022200


Round: 52
22221111
02221110
12111200
11112200
11112211
12121200
12222220
12022200

Valid moves for 1:
0, 2
0, 6
0, 7
1, 7
2, 6
4, 6
5, 6
6, 0

Player 1: 1, 7

After move by Player 1
22221111
02221110
12111200
11112200
11112211
12121200
11111111
12022200


Round: 53
22221111
02221110
12111200
11112200
11112211
12121200
11111111
12022200

Valid moves for 2:
0, 2
0, 6
0, 7
2, 6
2, 7
4, 7
6, 7

Player 2: 0, 6

After move by Player 2
22221111
02221110
12111200
11212200
11122211
12122200
11111211
12022220


Round: 54
22221111
02221110
12111200
11212200
11122211
12122200
11111211
12022220

Valid moves for 1:
0, 2
2, 6
4, 6
5, 6
6, 0

Player 1: 6, 0

After move by Player 1
22221111
11111110
12111200
11212200
11122211
12122200
11111211
12022220


Round: 55
22221111
11111110
12111200
11212200
11122211
12122200
11111211
12022220

Valid moves for 2:
0, 2
0, 7
2, 6
2, 7
4, 7

Player 2: 2, 6

After move by Player 2
22221111
11111110
12111200
11212200
11122211
12122220
11111221
12022220


Round: 56
22221111
11111110
12111200
11212200
11122211
12122220
11111221
12022220

Valid moves for 1:
0, 2
0, 7
2, 7
4, 6
5, 6

Player 1: 0, 2

After move by Player 1
22221111
11111110
12111200
11212200
11122211
12122220
11111221
11122220


Round: 57
22221111
11111110
12111200
11212200
11122211
12122220
11111221
11122220

Valid moves for 2:
2, 7
4, 6
4, 7

Player 2: 4, 6

After move by Player 2
22221111
11111110
12111200
11212220
11122221
12122220
11111221
11122220


Round: 58
22221111
11111110
12111200
11212220
11122221
12122220
11111221
11122220

Valid moves for 1:
0, 7
2, 7
4, 7
5, 6
5, 7

Player 1: 5, 7

After move by Player 1
22221111
11111110
12111201
11212210
11122121
12121220
11111221
11122220


Round: 59
22221111
11111110
12111201
11212210
11122121
12121220
11111221
11122220

Valid moves for 2:
4, 7
5, 6

Player 2: 5, 6

After move by Player 2
22221111
11111110
12111221
11212220
11122121
12121220
11111221
11122220


Round: 60
22221111
11111110
12111221
11212220
11122121
12121220
11111221
11122220

Valid moves for 1:
0, 7
2, 7
4, 7
6, 7

Player 1: 2, 7

After move by Player 1
22221111
11111110
12111221
11212120
11122111
12121111
11111221
11122220


Round: 61
22221111
11111110
12111221
11212120
11122111
12121111
11111221
11122220

Valid moves for 2:
4, 7

Player 2: 4, 7

After move by Player 2
22221111
11111110
12111221
11212122
11122121
12121211
11112221
11122220


Round: 62
22221111
11111110
12111221
11212122
11122121
12121211
11112221
11122220

Valid moves for 1:
0, 7
6, 7

Player 1: 0, 7

After move by Player 1
22221111
11111110
12111221
11212122
11121121
12121111
11112211
11111111


Round: 63
22221111
11111110
12111221
11212122
11121121
12121111
11112211
11111111

Valid moves for 2:
6, 7

Player 2: 6, 7

After move by Player 2
22221111
11111112
12111222
11212122
11121121
12121111
11112211
11111111


Round: 64
22221111
11111112
12111222
11212122
11121121
12121111
11112211
11111111

Valid moves for 1:

Player 1 can't move

Round: 64
22221111
11111112
12111222
11212122
11121121
12121111
11112211
11111111

Valid moves for 2:

Player 2 can't move

Black: 45
White: 19

